<?xml version="1.0" encoding="utf-8"?>
<COLLADA xmlns="http://www.collada.org/2005/11/COLLADASchema" version="1.4.1">
  <asset>
    <contributor>
      <author>Mixamo</author>
      <authoring_tool>COLLADA Mixamo exporter</authoring_tool>
      <comments/>
    </contributor>
    <created>2022-11-23T10:01:47Z</created>
    <modified>2022-11-23T10:01:47Z</modified>
    <revision/>
    <title/>
    <unit meter="0.010000"/>
    <up_axis>Y_UP</up_axis>
  </asset>
  <library_animations>
    <animation id="mixamorig_Hips-anim" name="mixamorig_Hips">
      <source id="mixamorig_Hips-Matrix-animation-input">
        <float_array id="mixamorig_Hips-Matrix-animation-input-array" count="36">

0.000000 0.033333 0.066667 0.100000 0.133333 0.166667 0.200000 0.233333 0.266667 0.300000 0.333333 0.366667 0.400000 0.433333 0.466667 0.500000
0.533333 0.566667 0.600000 0.633333 0.666667 0.700000 0.733333 0.766667 0.800000 0.833333 0.866667 0.900000 0.933333 0.966667 1.000000 1.033333
1.066667 1.100000 1.133333 1.166667</float_array>
        <technique_common>
          <accessor source="#mixamorig_Hips-Matrix-animation-input-array" count="36">
            <param name="TIME" type="float"/>
          </accessor>
        </technique_common>
      </source>
      <source id="mixamorig_Hips-Matrix-animation-output-transform">
        <float_array id="mixamorig_Hips-Matrix-animation-output-transform-array" count="576">

0.998411 -0.008154 0.055762 0.011993 0.004875 0.998265 0.058685 98.886322 -0.056143 -0.058320 0.996718 -0.167627 0.000000 0.000000 0.000000 1.000000
0.999125 -0.021943 0.035614 -0.016558 0.020406 0.998869 0.042955 98.867172 -0.036516 -0.042191 0.998442 -0.264387 0.000000 0.000000 0.000000 1.000000
0.999394 -0.031375 0.015045 0.041543 0.030927 0.999098 0.029086 98.494888 -0.015944 -0.028603 0.999464 -0.374844 0.000000 0.000000 0.000000 1.000000
0.999479 -0.032017 0.003957 0.158404 0.031937 0.999313 0.018813 97.813904 -0.004557 -0.018677 0.999815 0.019729 0.000000 0.000000 0.000000 1.000000
0.999629 -0.027207 0.001230 0.289877 0.027193 0.999581 0.009880 95.921852 -0.001499 -0.009843 0.999950 0.607015 0.000000 0.000000 0.000000 1.000000
0.999740 -0.022069 -0.005666 0.501643 0.022097 0.999744 0.004896 94.753319 0.005557 -0.005020 0.999972 1.270154 0.000000 0.000000 0.000000 1.000000
0.999454 -0.020293 -0.026062 0.808350 0.020438 0.999777 0.005288 94.087929 0.025949 -0.005818 0.999646 1.760232 0.000000 0.000000 0.000000 1.000000
0.998402 -0.024961 -0.050697 1.205071 0.025300 0.999662 0.006056 93.648315 0.050529 -0.007329 0.998696 1.948498 0.000000 0.000000 0.000000 1.000000
0.996734 -0.040887 -0.069642 1.722123 0.041645 0.999088 0.009465 93.428375 0.069192 -0.012334 0.997527 2.615140 0.000000 0.000000 0.000000 1.000000
0.994591 -0.060403 -0.084500 2.272424 0.062209 0.997884 0.018908 93.641426 0.083179 -0.024062 0.996244 4.042070 0.000000 0.000000 0.000000 1.000000
0.993439 -0.074621 -0.086669 2.699805 0.076834 0.996790 0.022481 93.642418 0.084713 -0.028993 0.995984 4.789441 0.000000 0.000000 0.000000 1.000000
0.994879 -0.079173 -0.062824 3.051719 0.080797 0.996448 0.023738 93.879318 0.060722 -0.028692 0.997742 5.224246 0.000000 0.000000 0.000000 1.000000
0.996525 -0.079536 -0.024718 3.377471 0.080311 0.996253 0.032106 94.536102 0.022072 -0.033979 0.999179 5.323143 0.000000 0.000000 0.000000 1.000000
0.997497 -0.070180 0.008654 3.631867 0.069773 0.996735 0.040635 95.427185 -0.011477 -0.039930 0.999137 5.279728 0.000000 0.000000 0.000000 1.000000
0.997949 -0.055021 0.032720 3.776202 0.053481 0.997498 0.046228 96.515991 -0.035182 -0.044384 0.998395 5.173108 0.000000 0.000000 0.000000 1.000000
0.997638 -0.045300 0.051642 3.847588 0.042838 0.997937 0.047817 97.565125 -0.053702 -0.045491 0.997520 4.944447 0.000000 0.000000 0.000000 1.000000
0.996852 -0.040434 0.068203 3.904471 0.037557 0.998371 0.042949 98.345528 -0.069828 -0.040253 0.996747 4.509951 0.000000 0.000000 0.000000 1.000000
0.995776 -0.036890 0.084076 3.919408 0.033828 0.998722 0.037559 98.636879 -0.085355 -0.034556 0.995751 3.980465 0.000000 0.000000 0.000000 1.000000
0.994217 -0.037268 0.100717 3.847170 0.034333 0.998938 0.030719 98.577156 -0.101755 -0.027083 0.994441 3.328594 0.000000 0.000000 0.000000 1.000000
0.992091 -0.041226 0.118560 3.747642 0.039012 0.999019 0.020936 98.258781 -0.119306 -0.016145 0.992726 2.543367 0.000000 0.000000 0.000000 1.000000
0.989802 -0.047345 0.134351 3.656311 0.046983 0.998878 0.005867 97.646454 -0.134478 0.000505 0.990916 1.691499 0.000000 0.000000 0.000000 1.000000
0.988298 -0.056613 0.141641 3.536689 0.058391 0.998258 -0.008424 96.783852 -0.140917 0.016596 0.989882 0.976402 0.000000 0.000000 0.000000 1.000000
0.987436 -0.065613 0.143756 3.337186 0.068473 0.997540 -0.015032 95.854141 -0.142416 0.024687 0.989499 0.566285 0.000000 0.000000 0.000000 1.000000
0.986456 -0.069586 0.148531 3.032655 0.072658 0.997239 -0.015346 94.915031 -0.147053 0.025930 0.988789 0.137894 0.000000 0.000000 0.000000 1.000000
0.986245 -0.063940 0.152423 2.592553 0.066906 0.997655 -0.014406 94.132294 -0.151144 0.024406 0.988210 0.057133 0.000000 0.000000 0.000000 1.000000
0.986405 -0.048668 0.156962 2.144429 0.050479 0.998696 -0.007568 93.647224 -0.156389 0.015389 0.987576 0.478899 0.000000 0.000000 0.000000 1.000000
0.983827 -0.035627 0.175543 1.708431 0.034828 0.999364 0.007629 93.686340 -0.175703 -0.001392 0.984442 1.242348 0.000000 0.000000 0.000000 1.000000
0.979176 -0.021308 0.201891 1.106104 0.017843 0.999661 0.018971 93.829506 -0.202226 -0.014974 0.979224 2.146842 0.000000 0.000000 0.000000 1.000000
0.978347 -0.002361 0.206959 0.509989 -0.002542 0.999722 0.023424 94.042320 -0.206956 -0.023443 0.978069 2.862009 0.000000 0.000000 0.000000 1.000000
0.983658 0.011960 0.179652 0.154569 -0.018301 0.999265 0.033679 94.523102 -0.179117 -0.036416 0.983154 3.167415 0.000000 0.000000 0.000000 1.000000
0.988697 0.015690 0.149102 -0.065654 -0.022837 0.998664 0.046344 95.361313 -0.148176 -0.049225 0.987735 3.102823 0.000000 0.000000 0.000000 1.000000
0.991587 0.010875 0.128983 -0.197233 -0.018166 0.998294 0.055484 96.267258 -0.128160 -0.057360 0.990093 2.747706 0.000000 0.000000 0.000000 1.000000
0.993738 0.004146 0.111654 -0.241507 -0.011324 0.997903 0.063726 97.210281 -0.111156 -0.064591 0.991702 2.307623 0.000000 0.000000 0.000000 1.000000
0.995620 0.000430 0.093489 -0.218054 -0.006610 0.997810 0.065808 98.021400 -0.093256 -0.066138 0.993443 1.664491 0.000000 0.000000 0.000000 1.000000
0.997254 -0.001748 0.074037 -0.112500 -0.002978 0.997967 0.063669 98.666962 -0.073998 -0.063715 0.995221 0.819982 0.000000 0.000000 0.000000 1.000000
0.998411 -0.008154 0.055762 0.011991 0.004875 0.998265 0.058685 98.886322 -0.056143 -0.058320 0.996718 -0.167627 0.000000 0.000000 0.000000 1.000000</float_array>
        <technique_common>
          <accessor source="#mixamorig_Hips-Matrix-animation-output-transform-array" count="36" stride="16">
            <param type="float4x4"/>
          </accessor>
        </technique_common>
      </source>
      <source id="mixamorig_Hips-Interpolations">
        <Name_array id="mixamorig_Hips-Interpolations-array" count="36">
 LINEAR LINEAR LINEAR LINEAR LINEAR LINEAR LINEAR LINEAR LINEAR LINEAR LINEAR
LINEAR LINEAR LINEAR LINEAR LINEAR LINEAR LINEAR LINEAR LINEAR LINEAR LINEAR LINEAR
LINEAR LINEAR LINEAR LINEAR LINEAR LINEAR LINEAR LINEAR LINEAR LINEAR LINEAR LINEAR
LINEAR</Name_array>
        <technique_common>
          <accessor source="#mixamorig_Hips-Interpolations-array" count="36">
            <param type="name"/>
          </accessor>
        </technique_common>
      </source>
      <sampler id="mixamorig_Hips-Matrix-animation-transform">
        <input semantic="INPUT" source="#mixamorig_Hips-Matrix-animation-input"/>
        <input semantic="OUTPUT" source="#mixamorig_Hips-Matrix-animation-output-transform"/>
        <input semantic="INTERPOLATION" source="#mixamorig_Hips-Interpolations"/>
      </sampler>
      <channel source="#mixamorig_Hips-Matrix-animation-transform" target="mixamorig_Hips/matrix"/>
    </animation>
    <animation id="mixamorig_Spine-anim" name="mixamorig_Spine">
      <source id="mixamorig_Spine-Matrix-animation-input">
        <float_array id="mixamorig_Spine-Matrix-animation-input-array" count="36">

0.000000 0.033333 0.066667 0.100000 0.133333 0.166667 0.200000 0.233333 0.266667 0.300000 0.333333 0.366667 0.400000 0.433333 0.466667 0.500000
0.533333 0.566667 0.600000 0.633333 0.666667 0.700000 0.733333 0.766667 0.800000 0.833333 0.866667 0.900000 0.933333 0.966667 1.000000 1.033333
1.066667 1.100000 1.133333 1.166667</float_array>
        <technique_common>
          <accessor source="#mixamorig_Spine-Matrix-animation-input-array" count="36">
            <param name="TIME" type="float"/>
          </accessor>
        </technique_common>
      </source>
      <source id="mixamorig_Spine-Matrix-animation-output-transform">
        <float_array id="mixamorig_Spine-Matrix-animation-output-transform-array" count="576">

0.999892 -0.013985 0.004585 0.000900 0.013894 0.999715 0.019430 9.923500 -0.004856 -0.019364 0.999801 -1.227300 0.000000 0.000000 0.000000 1.000000
0.999633 0.001536 0.027030 0.000900 -0.002255 0.999644 0.026590 9.923500 -0.026980 -0.026641 0.999281 -1.227300 0.000000 0.000000 0.000000 1.000000
0.998874 0.011819 0.045947 0.000900 -0.013233 0.999444 0.030592 9.923500 -0.045560 -0.031166 0.998475 -1.227300 0.000000 0.000000 0.000000 1.000000
0.998229 0.013241 0.057995 0.000900 -0.015177 0.999338 0.033069 9.923500 -0.057519 -0.033891 0.997769 -1.227300 0.000000 0.000000 0.000000 1.000000
0.997886 0.011535 0.063953 0.000900 -0.014863 0.998547 0.051800 9.923500 -0.063262 -0.052641 0.996608 -1.227300 0.000000 0.000000 0.000000 1.000000
0.997071 0.009562 0.075887 0.000900 -0.014562 0.997739 0.065606 9.923500 -0.075088 -0.066519 0.994956 -1.227300 0.000000 0.000000 0.000000 1.000000
0.995360 0.010609 0.095630 0.000900 -0.016628 0.997915 0.062362 9.923500 -0.094769 -0.063663 0.993462 -1.227300 0.000000 0.000000 0.000000 1.000000
0.993130 0.017749 0.115663 0.000900 -0.024502 0.998060 0.057229 9.923500 -0.114423 -0.059670 0.991639 -1.227300 0.000000 0.000000 0.000000 1.000000
0.990533 0.034355 0.132910 0.000900 -0.041335 0.997888 0.050118 9.923500 -0.130907 -0.055137 0.989860 -1.227300 0.000000 0.000000 0.000000 1.000000
0.988015 0.053810 0.144676 0.000900 -0.059188 0.997697 0.033123 9.923500 -0.142560 -0.041289 0.988925 -1.227300 0.000000 0.000000 0.000000 1.000000
0.987172 0.067428 0.144723 0.000900 -0.071956 0.997062 0.026278 9.923500 -0.142526 -0.036355 0.989123 -1.227300 0.000000 0.000000 0.000000 1.000000
0.989576 0.069616 0.126066 0.000900 -0.072920 0.997100 0.021777 9.923500 -0.124184 -0.030743 0.991783 -1.227300 0.000000 0.000000 0.000000 1.000000
0.993435 0.064557 0.094442 0.000900 -0.066370 0.997664 0.016180 9.923500 -0.093177 -0.022342 0.995399 -1.227300 0.000000 0.000000 0.000000 1.000000
0.996854 0.049486 0.061909 0.000900 -0.050469 0.998622 0.014413 9.923500 -0.061110 -0.017492 0.997978 -1.227300 0.000000 0.000000 0.000000 1.000000
0.998939 0.031556 0.033548 0.000900 -0.032063 0.999378 0.014708 9.923500 -0.033063 -0.015768 0.999329 -1.227300 0.000000 0.000000 0.000000 1.000000
0.999750 0.020887 0.008007 0.000900 -0.021007 0.999663 0.015233 9.923500 -0.007686 -0.015398 0.999852 -1.227300 0.000000 0.000000 0.000000 1.000000
0.999773 0.014761 -0.015393 0.000900 -0.014497 0.999748 0.017134 9.923500 0.015642 -0.016907 0.999735 -1.227300 0.000000 0.000000 0.000000 1.000000
0.999393 0.010581 -0.033198 0.000900 -0.009995 0.999792 0.017752 9.923500 0.033379 -0.017409 0.999291 -1.227300 0.000000 0.000000 0.000000 1.000000
0.998739 0.011426 -0.048887 0.000900 -0.010518 0.999768 0.018785 9.923500 0.049090 -0.018247 0.998628 -1.227300 0.000000 0.000000 0.000000 1.000000
0.997748 0.014841 -0.065406 0.000900 -0.013427 0.999667 0.022016 9.923500 0.065711 -0.021089 0.997616 -1.227300 0.000000 0.000000 0.000000 1.000000
0.996783 0.019421 -0.077760 0.000900 -0.017065 0.999378 0.030849 9.923500 0.078310 -0.029423 0.996495 -1.227300 0.000000 0.000000 0.000000 1.000000
0.996204 0.027632 -0.082542 0.000900 -0.024156 0.998791 0.042818 9.923500 0.083625 -0.040661 0.995667 -1.227300 0.000000 0.000000 0.000000 1.000000
0.995577 0.035959 -0.086793 0.000900 -0.031480 0.998128 0.052430 9.923500 0.088516 -0.049466 0.994846 -1.227300 0.000000 0.000000 0.000000 1.000000
0.994569 0.038502 -0.096694 0.000900 -0.033823 0.998198 0.049573 9.923500 0.098428 -0.046034 0.994079 -1.227300 0.000000 0.000000 0.000000 1.000000
0.993189 0.034647 -0.111248 0.000900 -0.029270 0.998340 0.049606 9.923500 0.112782 -0.046012 0.992554 -1.227300 0.000000 0.000000 0.000000 1.000000
0.991298 0.020097 -0.130097 0.000900 -0.013723 0.998669 0.049710 9.923500 0.130923 -0.047492 0.990254 -1.227300 0.000000 0.000000 0.000000 1.000000
0.988066 0.005668 -0.153925 0.000900 0.001328 0.998972 0.045308 9.923500 0.154024 -0.044972 0.987043 -1.227300 0.000000 0.000000 0.000000 1.000000
0.985114 -0.003778 -0.171863 0.000900 0.012002 0.998830 0.046837 9.923500 0.171485 -0.048203 0.984007 -1.227300 0.000000 0.000000 0.000000 1.000000
0.985141 -0.016022 -0.170997 0.000900 0.024625 0.998529 0.048311 9.923500 0.169971 -0.051804 0.984086 -1.227300 0.000000 0.000000 0.000000 1.000000
0.988552 -0.029774 -0.147913 0.000900 0.036085 0.998541 0.040168 9.923500 0.146501 -0.045046 0.988184 -1.227300 0.000000 0.000000 0.000000 1.000000
0.992044 -0.033476 -0.121360 0.000900 0.037574 0.998793 0.031639 9.923500 0.120155 -0.035947 0.992104 -1.227300 0.000000 0.000000 0.000000 1.000000
0.994740 -0.028082 -0.098509 0.000900 0.030700 0.999212 0.025165 9.923500 0.097724 -0.028057 0.994818 -1.227300 0.000000 0.000000 0.000000 1.000000
0.997131 -0.022032 -0.072413 0.000900 0.023509 0.999531 0.019606 9.923500 0.071947 -0.021252 0.997182 -1.227300 0.000000 0.000000 0.000000 1.000000
0.998847 -0.019859 -0.043696 0.000900 0.020651 0.999629 0.017761 9.923500 0.043327 -0.018642 0.998887 -1.227300 0.000000 0.000000 0.000000 1.000000
0.999640 -0.019575 -0.018335 0.000900 0.019899 0.999646 0.017651 9.923500 0.017983 -0.018009 0.999676 -1.227300 0.000000 0.000000 0.000000 1.000000
0.999892 -0.013985 0.004585 0.000900 0.013893 0.999715 0.019430 9.923500 -0.004856 -0.019364 0.999801 -1.227300 0.000000 0.000000 0.000000 1.000000</float_array>
        <technique_common>
          <accessor source="#mixamorig_Spine-Matrix-animation-output-transform-array" count="36" stride="16">
            <param type="float4x4"/>
          </accessor>
        </technique_common>
      </source>
      <source id="mixamorig_Spine-Interpolations">
        <Name_array id="mixamorig_Spine-Interpolations-array" count="36">
 LINEAR LINEAR LINEAR LINEAR LINEAR LINEAR LINEAR LINEAR LINEAR LINEAR LINEAR
LINEAR LINEAR LINEAR LINEAR LINEAR LINEAR LINEAR LINEAR LINEAR LINEAR LINEAR LINEAR
LINEAR LINEAR LINEAR LINEAR LINEAR LINEAR LINEAR LINEAR LINEAR LINEAR LINEAR LINEAR
LINEAR</Name_array>
        <technique_common>
          <accessor source="#mixamorig_Spine-Interpolations-array" count="36">
            <param type="name"/>
          </accessor>
        </technique_common>
      </source>
      <sampler id="mixamorig_Spine-Matrix-animation-transform">
        <input semantic="INPUT" source="#mixamorig_Spine-Matrix-animation-input"/>
        <input semantic="OUTPUT" source="#mixamorig_Spine-Matrix-animation-output-transform"/>
        <input semantic="INTERPOLATION" source="#mixamorig_Spine-Interpolations"/>
      </sampler>
      <channel source="#mixamorig_Spine-Matrix-animation-transform" target="mixamorig_Spine/matrix"/>
    </animation>
    <animation id="mixamorig_Spine1-anim" name="mixamorig_Spine1">
      <source id="mixamorig_Spine1-Matrix-animation-input">
        <float_array id="mixamorig_Spine1-Matrix-animation-input-array" count="36">

0.000000 0.033333 0.066667 0.100000 0.133333 0.166667 0.200000 0.233333 0.266667 0.300000 0.333333 0.366667 0.400000 0.433333 0.466667 0.500000
0.533333 0.566667 0.600000 0.633333 0.666667 0.700000 0.733333 0.766667 0.800000 0.833333 0.866667 0.900000 0.933333 0.966667 1.000000 1.033333
1.066667 1.100000 1.133333 1.166667</float_array>
        <technique_common>
          <accessor source="#mixamorig_Spine1-Matrix-animation-input-array" count="36">
            <param name="TIME" type="float"/>
          </accessor>
        </technique_common>
      </source>
      <source id="mixamorig_Spine1-Matrix-animation-output-transform">
        <float_array id="mixamorig_Spine1-Matrix-animation-output-transform-array" count="576">

0.999990 -0.004213 0.001171 -0.000000 0.004226 0.999922 -0.011726 11.732000 -0.001121 0.011730 0.999931 -0.000000 0.000000 0.000000 0.000000 1.000000
0.999969 -0.002348 0.007469 0.000000 0.002432 0.999933 -0.011327 11.732000 -0.007442 0.011345 0.999908 0.000000 0.000000 0.000000 0.000000 1.000000
0.999918 -0.001193 0.012746 0.000000 0.001335 0.999936 -0.011194 11.732000 -0.012732 0.011210 0.999856 0.000000 0.000000 0.000000 0.000000 1.000000
0.999870 -0.001326 0.016076 0.000000 0.001507 0.999935 -0.011289 11.732000 -0.016060 0.011312 0.999807 0.000000 0.000000 0.000000 0.000000 1.000000
0.999841 -0.002569 0.017661 0.000000 0.002887 0.999834 -0.017986 11.732000 -0.017612 0.018034 0.999682 0.000000 0.000000 0.000000 0.000000 1.000000
0.999776 -0.002952 0.020961 0.000000 0.003415 0.999751 -0.022067 11.732000 -0.020891 0.022134 0.999537 0.000000 0.000000 0.000000 0.000000 1.000000
0.999648 -0.002409 0.026435 -0.000000 0.002948 0.999788 -0.020377 11.732000 -0.026380 0.020448 0.999443 0.000000 0.000000 0.000000 0.000000 1.000000
0.999485 -0.001915 0.032022 0.000000 0.002483 0.999840 -0.017708 11.732000 -0.031983 0.017778 0.999330 0.000000 0.000000 0.000000 0.000000 1.000000
0.999314 0.000259 0.037040 0.000000 0.000236 0.999911 -0.013359 11.732000 -0.037040 0.013358 0.999224 -0.000000 0.000000 0.000000 0.000000 1.000000
0.999155 0.004069 0.040894 0.000000 -0.003763 0.999964 -0.007569 11.732000 -0.040924 0.007409 0.999135 0.000000 0.000000 0.000000 0.000000 1.000000
0.999124 0.006269 0.041370 0.000000 -0.006043 0.999966 -0.005590 11.732000 -0.041403 0.005335 0.999128 -0.000000 0.000000 0.000000 0.000000 1.000000
0.999310 0.007377 0.036398 0.000000 -0.007208 0.999963 -0.004769 11.732000 -0.036432 0.004503 0.999326 0.000000 0.000000 0.000000 0.000000 1.000000
0.999599 0.007336 0.027351 -0.000000 -0.007186 0.999959 -0.005562 11.732000 -0.027391 0.005364 0.999610 -0.000000 0.000000 0.000000 0.000000 1.000000
0.999829 0.005180 0.017725 0.000000 -0.005063 0.999965 -0.006649 11.732000 -0.017759 0.006558 0.999821 0.000000 0.000000 0.000000 0.000000 1.000000
0.999954 0.002333 0.009323 0.000000 -0.002264 0.999970 -0.007450 11.732000 -0.009340 0.007428 0.999929 0.000000 0.000000 0.000000 0.000000 1.000000
0.999998 0.000871 0.001981 -0.000000 -0.000855 0.999969 -0.007821 11.732000 -0.001988 0.007820 0.999967 -0.000000 0.000000 0.000000 0.000000 1.000000
0.999989 0.000886 -0.004512 0.000000 -0.000920 0.999971 -0.007523 11.732000 0.004505 0.007527 0.999962 0.000000 0.000000 0.000000 0.000000 1.000000
0.999956 0.000676 -0.009380 -0.000000 -0.000748 0.999970 -0.007704 11.732000 0.009375 0.007711 0.999926 0.000000 0.000000 0.000000 0.000000 1.000000
0.999907 0.001001 -0.013566 0.000000 -0.001113 0.999965 -0.008235 11.732000 0.013558 0.008250 0.999874 0.000000 0.000000 0.000000 0.000000 1.000000
0.999836 0.002378 -0.017927 -0.000000 -0.002532 0.999960 -0.008554 11.732000 0.017906 0.008598 0.999803 -0.000000 0.000000 0.000000 0.000000 1.000000
0.999769 0.003572 -0.021212 0.000000 -0.003734 0.999964 -0.007584 11.732000 0.021185 0.007662 0.999746 0.000000 0.000000 0.000000 0.000000 1.000000
0.999739 0.004188 -0.022476 -0.000000 -0.004374 0.999956 -0.008239 11.732000 0.022441 0.008336 0.999713 0.000000 0.000000 0.000000 0.000000 1.000000
0.999710 0.004601 -0.023633 0.000000 -0.004874 0.999922 -0.011481 11.732000 0.023579 0.011593 0.999655 0.000000 0.000000 0.000000 0.000000 1.000000
0.999642 0.004879 -0.026325 -0.000000 -0.005174 0.999924 -0.011151 11.732000 0.026269 0.011283 0.999591 -0.000000 0.000000 0.000000 0.000000 1.000000
0.999527 0.004469 -0.030430 -0.000000 -0.004821 0.999922 -0.011490 11.732000 0.030376 0.011631 0.999471 -0.000000 0.000000 0.000000 0.000000 1.000000
0.999353 0.002850 -0.035850 0.000000 -0.003220 0.999942 -0.010263 11.732000 0.035819 0.010372 0.999304 0.000000 0.000000 0.000000 0.000000 1.000000
0.999088 0.001096 -0.042686 0.000000 -0.001367 0.999979 -0.006334 11.732000 0.042678 0.006387 0.999068 -0.000000 0.000000 0.000000 0.000000 1.000000
0.998855 0.000102 -0.047833 0.000000 -0.000222 0.999997 -0.002494 11.732000 0.047833 0.002502 0.998852 0.000000 0.000000 0.000000 0.000000 1.000000
0.998853 -0.002062 -0.047827 0.000000 0.002008 0.999997 -0.001175 11.732000 0.047830 0.001078 0.998855 0.000000 0.000000 0.000000 0.000000 1.000000
0.999113 -0.005906 -0.041700 -0.000000 0.005785 0.999979 -0.003006 11.732000 0.041717 0.002762 0.999126 0.000000 0.000000 0.000000 0.000000 1.000000
0.999384 -0.007581 -0.034268 0.000000 0.007401 0.999958 -0.005361 11.732000 0.034307 0.005104 0.999398 0.000000 0.000000 0.000000 0.000000 1.000000
0.999597 -0.006542 -0.027624 -0.000000 0.006336 0.999952 -0.007531 11.732000 0.027672 0.007353 0.999590 0.000000 0.000000 0.000000 0.000000 1.000000
0.999784 -0.005110 -0.020170 0.000000 0.004918 0.999942 -0.009545 11.732000 0.020217 0.009444 0.999751 0.000000 0.000000 0.000000 0.000000 1.000000
0.999917 -0.004452 -0.012130 0.000000 0.004327 0.999938 -0.010290 11.732000 0.012175 0.010236 0.999873 0.000000 0.000000 0.000000 0.000000 1.000000
0.999977 -0.004424 -0.005121 -0.000000 0.004367 0.999930 -0.010989 11.732000 0.005169 0.010967 0.999927 -0.000000 0.000000 0.000000 0.000000 1.000000
0.999990 -0.004213 0.001171 0.000000 0.004226 0.999922 -0.011726 11.732000 -0.001121 0.011730 0.999931 -0.000000 0.000000 0.000000 0.000000 1.000000</float_array>
        <technique_common>
          <accessor source="#mixamorig_Spine1-Matrix-animation-output-transform-array" count="36" stride="16">
            <param type="float4x4"/>
          </accessor>
        </technique_common>
      </source>
      <source id="mixamorig_Spine1-Interpolations">
        <Name_array id="mixamorig_Spine1-Interpolations-array" count="36">
 LINEAR LINEAR LINEAR LINEAR LINEAR LINEAR LINEAR LINEAR LINEAR LINEAR LINEAR
LINEAR LINEAR LINEAR LINEAR LINEAR LINEAR LINEAR LINEAR LINEAR LINEAR LINEAR LINEAR
LINEAR LINEAR LINEAR LINEAR LINEAR LINEAR LINEAR LINEAR LINEAR LINEAR LINEAR LINEAR
LINEAR</Name_array>
        <technique_common>
          <accessor source="#mixamorig_Spine1-Interpolations-array" count="36">
            <param type="name"/>
          </accessor>
        </technique_common>
      </source>
      <sampler id="mixamorig_Spine1-Matrix-animation-transform">
        <input semantic="INPUT" source="#mixamorig_Spine1-Matrix-animation-input"/>
        <input semantic="OUTPUT" source="#mixamorig_Spine1-Matrix-animation-output-transform"/>
        <input semantic="INTERPOLATION" source="#mixamorig_Spine1-Interpolations"/>
      </sampler>
      <channel source="#mixamorig_Spine1-Matrix-animation-transform" target="mixamorig_Spine1/matrix"/>
    </animation>
    <animation id="mixamorig_Spine2-anim" name="mixamorig_Spine2">
      <source id="mixamorig_Spine2-Matrix-animation-input">
        <float_array id="mixamorig_Spine2-Matrix-animation-input-array" count="36">

0.000000 0.033333 0.066667 0.100000 0.133333 0.166667 0.200000 0.233333 0.266667 0.300000 0.333333 0.366667 0.400000 0.433333 0.466667 0.500000
0.533333 0.566667 0.600000 0.633333 0.666667 0.700000 0.733333 0.766667 0.800000 0.833333 0.866667 0.900000 0.933333 0.966667 1.000000 1.033333
1.066667 1.100000 1.133333 1.166667</float_array>
        <technique_common>
          <accessor source="#mixamorig_Spine2-Matrix-animation-input-array" count="36">
            <param name="TIME" type="float"/>
          </accessor>
        </technique_common>
      </source>
      <source id="mixamorig_Spine2-Matrix-animation-output-transform">
        <float_array id="mixamorig_Spine2-Matrix-animation-output-transform-array" count="576">

0.999990 -0.004080 0.001579 -0.000000 0.004247 0.991959 -0.126484 13.458800 -0.001050 0.126490 0.991967 0.000000 0.000000 0.000000 0.000000 1.000000
0.999970 -0.001461 0.007624 -0.000000 0.002411 0.992014 -0.126104 13.458800 -0.007379 0.126118 0.991988 0.000000 0.000000 0.000000 0.000000 1.000000
0.999919 0.000327 0.012734 0.000000 0.001279 0.992032 -0.125978 13.458800 -0.012674 0.125984 0.991951 -0.000000 0.000000 0.000000 0.000000 1.000000
0.999871 0.000602 0.016052 -0.000000 0.001427 0.992019 -0.126081 13.458800 -0.016000 0.126088 0.991890 -0.000000 0.000000 0.000000 0.000000 1.000000
0.999842 -0.000563 0.017793 -0.000000 0.002919 0.991150 -0.132711 13.458800 -0.017561 0.132742 0.990995 0.000000 0.000000 0.000000 0.000000 1.000000
0.999777 -0.000656 0.021129 0.000000 0.003540 0.990599 -0.136752 13.458800 -0.020841 0.136796 0.990380 0.000000 0.000000 0.000000 0.000000 1.000000
0.999649 0.000537 0.026503 -0.000000 0.003050 0.990829 -0.135089 13.458800 -0.026333 0.135122 0.990479 0.000000 0.000000 0.000000 0.000000 1.000000
0.999487 0.001693 0.031990 -0.000000 0.002560 0.991186 -0.132453 13.458800 -0.031932 0.132467 0.990673 -0.000000 0.000000 0.000000 0.000000 1.000000
0.999315 0.004511 0.036726 0.000000 0.000232 0.991758 -0.128124 13.458800 -0.037001 0.128045 0.991078 0.000000 0.000000 0.000000 0.000000 1.000000
0.999155 0.008866 0.040125 -0.000000 -0.003894 0.992481 -0.122333 13.458800 -0.040908 0.122073 0.991678 0.000000 0.000000 0.000000 0.000000 1.000000
0.999122 0.011051 0.040405 0.000000 -0.006115 0.992719 -0.120296 13.458800 -0.041440 0.119944 0.991915 -0.000000 0.000000 0.000000 0.000000 1.000000
0.999307 0.011552 0.035378 -0.000000 -0.007248 0.992813 -0.119454 13.458800 -0.036503 0.119115 0.992209 0.000000 0.000000 0.000000 0.000000 1.000000
0.999597 0.010477 0.026395 -0.000000 -0.007229 0.992716 -0.120264 13.458800 -0.027462 0.120025 0.992391 -0.000000 0.000000 0.000000 0.000000 1.000000
0.999829 0.007221 0.017045 -0.000000 -0.005099 0.992591 -0.121399 13.458800 -0.017795 0.121292 0.992457 0.000000 0.000000 0.000000 0.000000 1.000000
0.999954 0.003401 0.008990 0.000000 -0.002277 0.992499 -0.122231 13.458800 -0.009339 0.122205 0.992461 0.000000 0.000000 0.000000 0.000000 1.000000
0.999998 0.001073 0.001856 0.000000 -0.000837 0.992455 -0.122607 13.458800 -0.001974 0.122606 0.992454 -0.000000 0.000000 0.000000 0.000000 1.000000
0.999989 0.000313 -0.004580 0.000000 -0.000871 0.992491 -0.122313 13.458800 0.004507 0.122316 0.992481 0.000000 0.000000 0.000000 0.000000 1.000000
0.999956 -0.000479 -0.009386 0.000000 -0.000674 0.992469 -0.122495 13.458800 0.009374 0.122496 0.992425 0.000000 0.000000 0.000000 0.000000 1.000000
0.999908 -0.000664 -0.013576 -0.000000 -0.001011 0.992403 -0.123029 13.458800 0.013555 0.123031 0.992310 -0.000000 0.000000 0.000000 0.000000 1.000000
0.999837 0.000173 -0.018048 0.000000 -0.002398 0.992358 -0.123369 13.458800 0.017888 0.123392 0.992197 0.000000 0.000000 0.000000 0.000000 1.000000
0.999770 0.000971 -0.021442 0.000000 -0.003589 0.992471 -0.122431 13.458800 0.021161 0.122480 0.992245 0.000000 0.000000 0.000000 0.000000 1.000000
0.999740 0.001493 -0.022761 0.000000 -0.004285 0.992384 -0.123107 13.458800 0.022404 0.123173 0.992132 -0.000000 0.000000 0.000000 0.000000 1.000000
0.999712 0.001864 -0.023939 0.000000 -0.004875 0.991973 -0.126353 13.458800 0.023511 0.126433 0.991696 -0.000000 0.000000 0.000000 0.000000 1.000000
0.999643 0.001812 -0.026653 0.000000 -0.005158 0.992013 -0.126032 13.458800 0.026212 0.126125 0.991668 0.000000 0.000000 0.000000 0.000000 1.000000
0.999528 0.000915 -0.030695 0.000000 -0.004789 0.991971 -0.126374 13.458800 0.030332 0.126461 0.991508 -0.000000 0.000000 0.000000 0.000000 1.000000
0.999354 -0.001385 -0.035908 0.000000 -0.003121 0.992135 -0.125137 13.458800 0.035799 0.125169 0.991489 0.000000 0.000000 0.000000 0.000000 1.000000
0.999089 -0.004012 -0.042497 0.000000 -0.001170 0.992626 -0.121215 13.458800 0.042670 0.121155 0.991716 0.000000 0.000000 0.000000 0.000000 1.000000
0.998856 -0.005557 -0.047505 0.000000 -0.000058 0.993087 -0.117383 13.458800 0.047829 0.117252 0.991950 0.000000 0.000000 0.000000 0.000000 1.000000
0.998853 -0.007660 -0.047273 0.000000 0.002127 0.993247 -0.116000 13.458800 0.047843 0.115767 0.992124 0.000000 0.000000 0.000000 0.000000 1.000000
0.999110 -0.010818 -0.040772 -0.000000 0.005949 0.993031 -0.117701 13.458800 0.041761 0.117354 0.992212 0.000000 0.000000 0.000000 0.000000 1.000000
0.999380 -0.011666 -0.033209 0.000000 0.007600 0.992743 -0.120011 13.458800 0.034368 0.119685 0.992217 0.000000 0.000000 0.000000 0.000000 1.000000
0.999594 -0.009882 -0.026724 0.000000 0.006545 0.992483 -0.122208 13.458800 0.027731 0.121984 0.992145 0.000000 0.000000 0.000000 0.000000 1.000000
0.999781 -0.007585 -0.019481 0.000000 0.005107 0.992238 -0.124251 13.458800 0.020272 0.124124 0.992060 -0.000000 0.000000 0.000000 0.000000 1.000000
0.999915 -0.005953 -0.011577 -0.000000 0.004459 0.992145 -0.125017 13.458800 0.012230 0.124955 0.992087 -0.000000 0.000000 0.000000 0.000000 1.000000
0.999976 -0.005066 -0.004629 -0.000000 0.004443 0.992054 -0.125732 13.458800 0.005229 0.125708 0.992054 0.000000 0.000000 0.000000 0.000000 1.000000
0.999990 -0.004080 0.001579 0.000000 0.004247 0.991959 -0.126484 13.458800 -0.001050 0.126490 0.991967 0.000000 0.000000 0.000000 0.000000 1.000000</float_array>
        <technique_common>
          <accessor source="#mixamorig_Spine2-Matrix-animation-output-transform-array" count="36" stride="16">
            <param type="float4x4"/>
          </accessor>
        </technique_common>
      </source>
      <source id="mixamorig_Spine2-Interpolations">
        <Name_array id="mixamorig_Spine2-Interpolations-array" count="36">
 LINEAR LINEAR LINEAR LINEAR LINEAR LINEAR LINEAR LINEAR LINEAR LINEAR LINEAR
LINEAR LINEAR LINEAR LINEAR LINEAR LINEAR LINEAR LINEAR LINEAR LINEAR LINEAR LINEAR
LINEAR LINEAR LINEAR LINEAR LINEAR LINEAR LINEAR LINEAR LINEAR LINEAR LINEAR LINEAR
LINEAR</Name_array>
        <technique_common>
          <accessor source="#mixamorig_Spine2-Interpolations-array" count="36">
            <param type="name"/>
          </accessor>
        </technique_common>
      </source>
      <sampler id="mixamorig_Spine2-Matrix-animation-transform">
        <input semantic="INPUT" source="#mixamorig_Spine2-Matrix-animation-input"/>
        <input semantic="OUTPUT" source="#mixamorig_Spine2-Matrix-animation-output-transform"/>
        <input semantic="INTERPOLATION" source="#mixamorig_Spine2-Interpolations"/>
      </sampler>
      <channel source="#mixamorig_Spine2-Matrix-animation-transform" target="mixamorig_Spine2/matrix"/>
    </animation>
    <animation id="mixamorig_Neck-anim" name="mixamorig_Neck">
      <source id="mixamorig_Neck-Matrix-animation-input">
        <float_array id="mixamorig_Neck-Matrix-animation-input-array" count="36">

0.000000 0.033333 0.066667 0.100000 0.133333 0.166667 0.200000 0.233333 0.266667 0.300000 0.333333 0.366667 0.400000 0.433333 0.466667 0.500000
0.533333 0.566667 0.600000 0.633333 0.666667 0.700000 0.733333 0.766667 0.800000 0.833333 0.866667 0.900000 0.933333 0.966667 1.000000 1.033333
1.066667 1.100000 1.133333 1.166667</float_array>
        <technique_common>
          <accessor source="#mixamorig_Neck-Matrix-animation-input-array" count="36">
            <param name="TIME" type="float"/>
          </accessor>
        </technique_common>
      </source>
      <source id="mixamorig_Neck-Matrix-animation-output-transform">
        <float_array id="mixamorig_Neck-Matrix-animation-output-transform-array" count="576">

0.999972 -0.001255 -0.007316 -0.000000 0.001340 0.999931 0.011661 15.027800 0.007301 -0.011671 0.999905 0.877900 0.000000 0.000000 0.000000 1.000000
0.999963 -0.000847 -0.008541 0.000000 0.000952 0.999924 0.012272 15.027800 0.008530 -0.012280 0.999888 0.877900 0.000000 0.000000 0.000000 1.000000
0.999959 -0.000084 -0.009018 0.000000 0.000208 0.999905 0.013758 15.027800 0.009016 -0.013759 0.999865 0.877900 0.000000 0.000000 0.000000 1.000000
0.999952 0.000305 -0.009790 0.000000 -0.000156 0.999884 0.015227 15.027800 0.009793 -0.015225 0.999836 0.877900 0.000000 0.000000 0.000000 1.000000
0.999941 -0.000810 -0.010813 -0.000000 0.000990 0.999861 0.016648 15.027800 0.010798 -0.016658 0.999803 0.877900 0.000000 0.000000 0.000000 1.000000
0.999921 -0.002129 -0.012417 0.000000 0.002348 0.999841 0.017691 15.027800 0.012377 -0.017718 0.999766 0.877900 0.000000 0.000000 0.000000 1.000000
0.999895 -0.003405 -0.014113 0.000000 0.003680 0.999803 0.019518 15.027800 0.014044 -0.019567 0.999710 0.877900 0.000000 0.000000 0.000000 1.000000
0.999879 -0.003596 -0.015120 0.000000 0.003922 0.999759 0.021592 15.027800 0.015039 -0.021649 0.999653 0.877900 0.000000 0.000000 0.000000 1.000000
0.999868 -0.003425 -0.015879 -0.000000 0.003782 0.999740 0.022497 15.027800 0.015798 -0.022555 0.999621 0.877900 0.000000 0.000000 0.000000 1.000000
0.999862 -0.003126 -0.016305 -0.000000 0.003497 0.999736 0.022727 15.027800 0.016229 -0.022781 0.999609 0.877900 0.000000 0.000000 0.000000 1.000000
0.999871 -0.001938 -0.015926 -0.000000 0.002314 0.999718 0.023625 15.027800 0.015876 -0.023659 0.999594 0.877900 0.000000 0.000000 0.000000 1.000000
0.999892 -0.000298 -0.014663 0.000000 0.000652 0.999707 0.024179 15.027800 0.014651 -0.024186 0.999600 0.877900 0.000000 0.000000 0.000000 1.000000
0.999922 0.001850 -0.012315 -0.000000 -0.001571 0.999743 0.022624 15.027800 0.012353 -0.022603 0.999668 0.877900 0.000000 0.000000 0.000000 1.000000
0.999947 0.003915 -0.009543 0.000000 -0.003728 0.999801 0.019572 15.027800 0.009618 -0.019536 0.999763 0.877900 0.000000 0.000000 0.000000 1.000000
0.999964 0.004459 -0.007261 -0.000000 -0.004339 0.999853 0.016568 15.027800 0.007334 -0.016535 0.999836 0.877900 0.000000 0.000000 0.000000 1.000000
0.999977 0.004090 -0.005442 0.000000 -0.004010 0.999886 0.014578 15.027800 0.005501 -0.014556 0.999879 0.877900 0.000000 0.000000 0.000000 1.000000
0.999985 0.003724 -0.004031 0.000000 -0.003667 0.999893 0.014150 15.027800 0.004083 -0.014135 0.999892 0.877900 0.000000 0.000000 0.000000 1.000000
0.999987 0.004084 -0.003116 0.000000 -0.004038 0.999885 0.014598 15.027800 0.003175 -0.014585 0.999889 0.877900 0.000000 0.000000 0.000000 1.000000
0.999987 0.004492 -0.002234 0.000000 -0.004456 0.999866 0.015760 15.027800 0.002304 -0.015750 0.999873 0.877900 0.000000 0.000000 0.000000 1.000000
0.999987 0.004942 -0.001174 -0.000000 -0.004921 0.999843 0.017025 15.027800 0.001258 -0.017019 0.999854 0.877900 0.000000 0.000000 0.000000 1.000000
0.999982 0.006059 -0.000342 -0.000000 -0.006052 0.999826 0.017632 15.027800 0.000449 -0.017629 0.999844 0.877900 0.000000 0.000000 0.000000 1.000000
0.999974 0.007169 -0.000019 0.000000 -0.007168 0.999797 0.018853 15.027800 0.000154 -0.018853 0.999822 0.877900 0.000000 0.000000 0.000000 1.000000
0.999971 0.007554 0.000505 0.000000 -0.007563 0.999759 0.020587 15.027800 -0.000349 -0.020590 0.999788 0.877900 0.000000 0.000000 0.000000 1.000000
0.999969 0.007600 0.001825 -0.000000 -0.007639 0.999719 0.022423 15.027800 -0.001654 -0.022436 0.999747 0.877900 0.000000 0.000000 0.000000 1.000000
0.999976 0.006150 0.003163 -0.000000 -0.006224 0.999693 0.023983 15.027800 -0.003015 -0.024002 0.999707 0.877900 0.000000 0.000000 0.000000 1.000000
0.999975 0.005281 0.004675 0.000000 -0.005391 0.999698 0.023990 15.027800 -0.004547 -0.024014 0.999701 0.877900 0.000000 0.000000 0.000000 1.000000
0.999960 0.006034 0.006603 0.000000 -0.006183 0.999723 0.022699 15.027800 -0.006464 -0.022739 0.999721 0.877900 0.000000 0.000000 0.000000 1.000000
0.999961 0.005288 0.007101 -0.000000 -0.005439 0.999757 0.021369 15.027800 -0.006986 -0.021407 0.999746 0.877900 0.000000 0.000000 0.000000 1.000000
0.999973 0.004044 0.006172 -0.000000 -0.004178 0.999751 0.021911 15.027800 -0.006081 -0.021936 0.999741 0.877900 0.000000 0.000000 0.000000 1.000000
0.999980 0.004206 0.004657 -0.000000 -0.004311 0.999732 0.022762 15.027800 -0.004560 -0.022782 0.999730 0.877900 0.000000 0.000000 0.000000 1.000000
0.999991 0.003134 0.002943 0.000000 -0.003197 0.999763 0.021554 15.027800 -0.002875 -0.021563 0.999763 0.877900 0.000000 0.000000 0.000000 1.000000
0.999998 0.001497 0.001165 0.000000 -0.001519 0.999803 0.019768 15.027800 -0.001135 -0.019770 0.999804 0.877900 0.000000 0.000000 0.000000 1.000000
0.999999 0.000729 -0.000972 0.000000 -0.000712 0.999849 0.017363 15.027800 0.000984 -0.017363 0.999849 0.877900 0.000000 0.000000 0.000000 1.000000
0.999993 0.000057 -0.003639 0.000000 -0.000006 0.999902 0.014022 15.027800 0.003640 -0.014022 0.999895 0.877900 0.000000 0.000000 0.000000 1.000000
0.999982 -0.000812 -0.005894 0.000000 0.000883 0.999928 0.011987 15.027800 0.005883 -0.011992 0.999911 0.877900 0.000000 0.000000 0.000000 1.000000
0.999972 -0.001256 -0.007316 -0.000000 0.001341 0.999931 0.011661 15.027800 0.007301 -0.011671 0.999905 0.877900 0.000000 0.000000 0.000000 1.000000</float_array>
        <technique_common>
          <accessor source="#mixamorig_Neck-Matrix-animation-output-transform-array" count="36" stride="16">
            <param type="float4x4"/>
          </accessor>
        </technique_common>
      </source>
      <source id="mixamorig_Neck-Interpolations">
        <Name_array id="mixamorig_Neck-Interpolations-array" count="36">
 LINEAR LINEAR LINEAR LINEAR LINEAR LINEAR LINEAR LINEAR LINEAR LINEAR LINEAR
LINEAR LINEAR LINEAR LINEAR LINEAR LINEAR LINEAR LINEAR LINEAR LINEAR LINEAR LINEAR
LINEAR LINEAR LINEAR LINEAR LINEAR LINEAR LINEAR LINEAR LINEAR LINEAR LINEAR LINEAR
LINEAR</Name_array>
        <technique_common>
          <accessor source="#mixamorig_Neck-Interpolations-array" count="36">
            <param type="name"/>
          </accessor>
        </technique_common>
      </source>
      <sampler id="mixamorig_Neck-Matrix-animation-transform">
        <input semantic="INPUT" source="#mixamorig_Neck-Matrix-animation-input"/>
        <input semantic="OUTPUT" source="#mixamorig_Neck-Matrix-animation-output-transform"/>
        <input semantic="INTERPOLATION" source="#mixamorig_Neck-Interpolations"/>
      </sampler>
      <channel source="#mixamorig_Neck-Matrix-animation-transform" target="mixamorig_Neck/matrix"/>
    </animation>
    <animation id="mixamorig_Head-anim" name="mixamorig_Head">
      <source id="mixamorig_Head-Matrix-animation-input">
        <float_array id="mixamorig_Head-Matrix-animation-input-array" count="36">

0.000000 0.033333 0.066667 0.100000 0.133333 0.166667 0.200000 0.233333 0.266667 0.300000 0.333333 0.366667 0.400000 0.433333 0.466667 0.500000
0.533333 0.566667 0.600000 0.633333 0.666667 0.700000 0.733333 0.766667 0.800000 0.833333 0.866667 0.900000 0.933333 0.966667 1.000000 1.033333
1.066667 1.100000 1.133333 1.166667</float_array>
        <technique_common>
          <accessor source="#mixamorig_Head-Matrix-animation-input-array" count="36">
            <param name="TIME" type="float"/>
          </accessor>
        </technique_common>
      </source>
      <source id="mixamorig_Head-Matrix-animation-output-transform">
        <float_array id="mixamorig_Head-Matrix-animation-output-transform-array" count="576">

0.996740 0.040824 -0.069597 0.000000 -0.037527 0.998140 0.048047 10.321800 0.071429 -0.045278 0.996417 3.142400 0.000000 0.000000 0.000000 1.000000
0.996196 0.043645 -0.075428 -0.000000 -0.039450 0.997638 0.056232 10.321800 0.077704 -0.053043 0.995564 3.142400 0.000000 0.000000 0.000000 1.000000
0.996093 0.047422 -0.074496 0.000000 -0.042546 0.996930 0.065731 10.321800 0.077385 -0.062305 0.995053 3.142400 0.000000 0.000000 0.000000 1.000000
0.995705 0.050595 -0.077529 -0.000000 -0.044971 0.996344 0.072643 10.321800 0.080921 -0.068844 0.994340 3.142400 0.000000 0.000000 0.000000 1.000000
